7 3 5 8 10 2 1 
M:  1
M0:  505730
fit:  3.5
7 3 5 8 10 2 1 
M:  1
M0:  505730
fit:  3.5
6 1 1 2 9 10 9 
M:  1
M0:  188985
fit:  3.5
7 3 5 8 10 2 1 
M:  1
M0:  505730
fit:  3.5
7 3 5 8 10 2 1 
M:  1
M0:  505730
fit:  3.5
7 3 5 8 10 2 1 
M:  1
M0:  505730
fit:  3.5
6 10 5 7 2 10 7 
M:  1
M0:  1681131
fit:  3.5
7 3 5 8 0 2 1 
M:  4
M0:  505730
M1:  884328
M2:  1291302
M3:  1499075
fit:  1.2
6 1 0 2 9 1 9 
M:  3
M0:  852931
M1:  894231
M2:  1308159
fit:  0.9
5 1 0 2 9 10 9 
M:  3
M0:  126215
M1:  949937
M2:  1428925
fit:  0.9
